C:\Users\hj123\Desktop\keras-yolo3-master/VOCdevkit/VOC2007/JPEGImages/DSC03320.jpg 125,158,330,265,0 116,265,325,382,0 111,386,315,497,0 108,497,318,617,0 354,154,561,267,0 352,266,561,382,0 350,383,558,499,0 323,522,554,646,0 608,172,754,276,0 609,278,759,384,0 611,389,774,497,0 611,494,788,605,0 793,170,961,279,0 798,281,962,388,0 797,390,968,494,0 800,495,970,611,0
C:\Users\hj123\Desktop\keras-yolo3-master/VOCdevkit/VOC2007/JPEGImages/DSC03322.jpg 94,232,218,304,0 92,301,211,372,0 83,369,208,445,0 51,444,187,526,0 330,143,517,233,0 297,226,511,343,0 293,346,515,465,0 293,464,515,592,0 565,183,729,271,0 561,273,729,360,0 560,360,730,449,0 563,451,733,543,0 749,180,919,272,0 750,272,918,358,0 757,357,921,450,0 929,190,1040,273,0 933,276,1047,357,0 943,358,1057,448,0
C:\Users\hj123\Desktop\keras-yolo3-master/VOCdevkit/VOC2007/JPEGImages/DSC03323.jpg 141,130,340,236,0 104,211,335,343,0 98,341,340,461,0 95,461,339,594,0 392,179,554,272,0 392,271,556,359,0 390,358,558,447,0 391,448,561,539,0 572,178,732,272,0 575,273,733,359,0 579,359,737,442,0 743,196,845,278,0 747,278,854,358,0 757,355,860,440,0 792,440,906,536,0 862,198,975,284,0 865,281,980,361,0 869,358,988,437,0 888,437,990,518,0
C:\Users\hj123\Desktop\keras-yolo3-master/VOCdevkit/VOC2007/JPEGImages/DSC03324.jpg 111,265,195,320,0 108,316,195,368,0 102,368,192,416,0 75,416,174,472,0 279,210,406,276,0 252,262,409,349,0 250,351,406,428,0 250,430,405,513,0 440,242,543,301,0 439,301,546,358,0 440,358,545,418,0 439,418,548,478,0 559,245,665,303,0 560,303,666,360,0 561,359,668,415,0 673,251,736,305,0 679,304,742,359,0 678,358,747,412,0 708,411,777,477,0 747,254,823,311,0 748,308,825,361,0 750,360,831,411,0 761,408,830,461,0 990,246,1073,304,0
C:\Users\hj123\Desktop\keras-yolo3-master/VOCdevkit/VOC2007/JPEGImages/DSC03325.jpg 74,301,203,372,0 71,365,172,424,0 72,423,168,475,0 205,238,403,308,0 197,304,402,368,0 161,358,380,431,0 164,425,383,501,0 436,256,525,312,0 436,313,527,369,0 433,369,520,425,0 424,426,524,491,0 538,281,610,328,0 536,326,612,377,0 533,372,612,422,0 533,422,613,472,0 751,160,922,243,0 790,223,986,333,0 793,337,982,453,0 792,451,988,570,0
C:\Users\hj123\Desktop\keras-yolo3-master/VOCdevkit/VOC2007/JPEGImages/DSC03328.jpg 62,236,177,303,0 60,303,172,368,0 54,366,167,435,0 51,431,157,501,0 186,233,306,300,0 186,301,299,368,0 179,368,297,436,0 349,244,426,304,0 346,305,439,369,0 343,371,433,433,0 318,435,406,511,0 465,245,561,308,0 465,308,562,370,0 465,368,563,432,0 462,428,561,497,0 582,291,651,338,0 579,337,651,383,0 578,381,648,428,0 575,426,650,477,0 706,219,828,292,0 736,276,869,365,0 734,362,865,453,0 733,451,865,535,0 895,286,1013,334,0 901,336,1013,387,0 903,385,1021,438,0 909,437,1028,490,0
C:\Users\hj123\Desktop\keras-yolo3-master/VOCdevkit/VOC2007/JPEGImages/DSC03329.jpg 53,194,215,284,0 51,286,209,375,0 47,374,208,467,0 275,206,387,288,0 275,290,388,376,0 273,376,383,465,0 235,466,358,571,0 436,208,561,293,0 436,289,562,376,0 436,372,563,463,0 434,459,565,552,0 594,272,688,336,0 591,331,686,397,0 589,393,683,458,0 589,457,683,522,0 761,172,922,269,0 808,253,984,374,0 804,372,977,492,0 800,488,977,604,0
C:\Users\hj123\Desktop\keras-yolo3-master/VOCdevkit/VOC2007/JPEGImages/DSC03331.jpg 50,179,201,279,0 48,273,196,372,0 49,365,191,464,0 45,461,189,559,0 229,258,332,329,0 228,322,327,393,0 225,389,323,458,0 220,454,322,522,0 405,169,555,271,0 447,252,607,372,0 439,368,597,482,0 435,481,599,592,0 639,272,763,335,0 639,333,765,397,0 641,396,768,458,0 640,458,772,522,0 955,232,1038,314,0 961,309,1043,390,0 961,386,1044,465,0 963,465,1047,545,0
C:\Users\hj123\Desktop\keras-yolo3-master/VOCdevkit/VOC2007/JPEGImages/DSC03332.jpg 116,169,269,255,0 96,248,265,367,0 84,365,256,479,0 80,479,254,590,0 350,272,489,331,0 350,331,486,392,0 350,393,485,450,0 349,451,486,515,0 523,260,661,324,0 525,322,661,390,0 525,389,669,453,0 526,454,669,518,0 776,204,880,292,0 778,290,886,377,0 783,373,887,463,0 783,458,893,549,0 904,207,1003,294,0 911,291,1013,377,0 915,374,1013,461,0
C:\Users\hj123\Desktop\keras-yolo3-master/VOCdevkit/VOC2007/JPEGImages/DSC03333.jpg 35,238,142,303,0 33,303,136,368,0 32,368,135,434,0 29,431,133,501,0 226,218,343,285,0 211,279,339,365,0 206,362,332,447,0 201,447,329,528,0 404,293,500,339,0 403,338,499,382,0 403,383,499,426,0 403,426,504,475,0 529,285,630,333,0 529,333,629,380,0 529,379,634,428,0 528,428,639,475,0 715,245,790,308,0 718,308,794,371,0 721,370,797,433,0 719,432,800,498,0 810,247,884,309,0 813,309,887,372,0 816,372,890,433,0 818,435,893,499,0 879,259,991,318,0 886,317,991,371,0 925,370,1052,432,0
C:\Users\hj123\Desktop\keras-yolo3-master/VOCdevkit/VOC2007/JPEGImages/DSC03335.jpg 34,190,189,273,0 27,272,186,358,0 25,355,183,439,0 28,439,181,522,0 179,119,315,233,0 183,229,322,342,0 185,339,315,451,0 184,451,315,562,0 354,120,490,233,0 354,231,489,343,0 355,340,490,451,0 529,144,747,244,0 520,247,740,338,0 539,337,779,448,0 773,179,849,263,0 794,256,876,347,0 794,344,874,437,0 929,212,1063,279,0
C:\Users\hj123\Desktop\keras-yolo3-master/VOCdevkit/VOC2007/JPEGImages/DSC03336.jpg 105,261,213,311,0 104,310,215,358,0 104,358,211,406,0 104,407,214,456,0 224,254,320,304,0 223,303,321,356,0 221,356,316,410,0 223,408,318,458,0 314,209,398,279,0 319,278,404,347,0 317,344,401,413,0 317,413,398,484,0 424,211,508,280,0 424,278,505,349,0 425,347,509,415,0 529,225,668,286,0 528,286,662,346,0 545,344,689,412,0 683,247,732,297,0 696,293,748,350,0 696,351,746,406,0 775,265,863,308,0 802,307,889,356,0 804,358,895,403,0 835,402,928,455,0
C:\Users\hj123\Desktop\keras-yolo3-master/VOCdevkit/VOC2007/JPEGImages/DSC03337.jpg 155,273,256,316,0 155,315,255,359,0 154,359,254,401,0 154,401,254,443,0 263,265,346,311,0 262,309,347,358,0 262,355,346,402,0 261,403,345,447,0 343,225,420,289,0 346,287,419,349,0 346,348,418,408,0 345,408,418,469,0 438,228,509,288,0 440,289,511,348,0 440,348,514,410,0 535,240,653,295,0 535,294,650,346,0 540,346,668,406,0 667,260,710,305,0 677,300,725,352,0 679,352,722,401,0 755,279,825,314,0 772,315,850,356,0 773,357,854,397,0 800,394,883,446,0
C:\Users\hj123\Desktop\keras-yolo3-master/VOCdevkit/VOC2007/JPEGImages/DSC03338.jpg 66,262,122,308,0 65,309,121,354,0 65,354,119,398,0 11,399,61,450,0 181,285,260,348,0 222,238,291,292,0 178,347,258,408,0 177,407,258,469,0 451,278,533,318,0 453,318,533,357,0 453,357,536,396,0 452,397,539,435,0 540,267,619,309,0 540,309,620,353,0 540,354,618,398,0 541,397,618,440,0 613,225,687,284,0 618,284,689,344,0 618,343,691,404,0 618,402,691,462,0 710,218,789,281,0 711,283,789,343,0 711,343,793,406,0 815,220,955,283,0 815,282,953,337,0 834,338,983,404,0 978,237,1031,288,0 993,284,1050,343,0 993,343,1052,401,0
C:\Users\hj123\Desktop\keras-yolo3-master/VOCdevkit/VOC2007/JPEGImages/DSC03339.jpg 86,204,180,282,0 80,281,179,361,0 80,358,179,440,0 245,215,393,289,0 236,292,396,356,0 203,357,376,437,0 482,244,536,299,0 478,300,534,361,0 478,361,533,426,0 564,278,604,326,0 565,324,604,369,0 566,370,604,415,0 566,415,604,458,0 629,268,726,311,0 639,313,739,365,0 640,365,748,418,0 654,422,768,481,0 946,263,1039,312,0 952,314,1045,358,0
C:\Users\hj123\Desktop\keras-yolo3-master/VOCdevkit/VOC2007/JPEGImages/DSC03340.jpg 138,215,225,289,0 139,289,221,358,0 139,358,220,431,0 241,211,324,283,0 239,285,323,357,0 235,358,325,431,0 379,214,522,289,0 370,289,525,353,0 344,351,504,431,0 607,241,657,291,0 602,291,661,356,0 600,357,658,422,0 690,275,730,321,0 690,320,731,366,0 689,367,733,411,0 689,412,732,455,0 761,258,865,304,0 770,307,881,360,0 771,361,888,415,0 786,417,913,482,0
C:\Users\hj123\Desktop\keras-yolo3-master/VOCdevkit/VOC2007/JPEGImages/DSC03341.jpg 129,205,286,273,0 96,267,269,349,0 96,348,274,433,0 49,436,251,540,0 463,224,573,289,0 467,290,576,344,0 468,346,592,415,0 618,212,732,279,0 622,280,736,340,0 653,340,775,415,0 654,416,780,491,0 470,416,597,486,0 810,301,922,349,0 810,351,926,398,0 847,397,966,454,0 925,351,1017,393,0
C:\Users\hj123\Desktop\keras-yolo3-master/VOCdevkit/VOC2007/JPEGImages/DSC03342.jpg 317,197,381,267,0 270,260,332,345,0 268,346,333,433,0 271,433,330,514,0 574,203,705,269,0 547,270,691,343,0 550,344,696,421,0 520,421,686,516,0 894,196,1029,264,0 894,267,1037,329,0 898,333,1067,411,0
C:\Users\hj123\Desktop\keras-yolo3-master/VOCdevkit/VOC2007/JPEGImages/DSC03344.jpg 234,106,470,230,0 237,234,477,342,0 202,350,476,490,0 538,67,785,200,0 539,201,793,327,0 553,323,845,489,0 568,489,856,651,0 785,148,988,255,0 790,257,996,354,0
C:\Users\hj123\Desktop\keras-yolo3-master/VOCdevkit/VOC2007/JPEGImages/DSC03346.jpg 117,131,255,240,0 126,237,252,344,0 128,341,250,445,0 124,447,256,553,0 290,136,409,240,0 286,243,413,343,0 288,343,415,445,0 458,156,658,254,0 451,254,662,338,0 464,339,690,440,0 691,196,761,266,0 712,262,786,347,0 713,347,781,429,0 836,229,955,285,0 866,285,995,355,0 868,358,1002,424,0 911,425,1052,502,0
C:\Users\hj123\Desktop\keras-yolo3-master/VOCdevkit/VOC2007/JPEGImages/DSC03348.jpg 7,243,110,305,0 4,306,108,361,0 3,362,107,420,0 118,241,222,301,0 118,301,220,361,0 116,360,220,417,0 265,245,336,304,0 265,303,338,358,0 264,357,337,413,0 237,415,311,478,0 368,246,450,301,0 368,301,450,355,0 370,355,449,410,0 369,411,451,465,0 488,283,550,326,0 486,326,549,365,0 485,365,547,407,0 558,228,655,285,0 484,407,549,447,0 569,280,677,351,0 569,351,670,420,0 565,420,673,486,0 761,272,861,318,0 761,319,859,363,0 761,365,866,406,0 768,406,867,451,0 980,235,1056,294,0 986,293,1062,353,0 988,352,1064,410,0 990,409,1068,471,0
C:\Users\hj123\Desktop\keras-yolo3-master/VOCdevkit/VOC2007/JPEGImages/DSC03349.jpg 104,186,222,272,0 108,276,229,358,0 110,360,225,443,0 66,446,188,543,0 275,186,397,272,0 274,272,399,354,0 274,354,397,440,0 275,441,400,526,0 458,244,550,307,0 457,308,550,371,0 454,371,549,434,0 454,433,550,497,0 564,158,715,239,0 588,240,746,349,0 581,347,742,456,0 579,457,743,557,0 881,230,1029,296,0 879,297,1029,366,0 880,368,1036,433,0 888,436,1040,501,0
C:\Users\hj123\Desktop\keras-yolo3-master/VOCdevkit/VOC2007/JPEGImages/DSC03350.jpg 166,118,339,236,0 167,236,338,350,0 168,351,342,467,0 168,468,341,584,0 419,196,550,286,0 418,285,550,371,0 415,372,546,460,0 415,459,546,547,0 570,79,774,192,0 600,191,818,340,0 594,340,813,487,0 590,487,811,635,0
C:\Users\hj123\Desktop\keras-yolo3-master/VOCdevkit/VOC2007/JPEGImages/DSC03351.jpg 84,96,301,219,0 9,201,269,342,0 7,345,270,484,0 4,486,277,631,0 409,128,609,240,0 408,242,609,352,0 407,353,612,463,0 407,462,614,577,0 638,118,836,234,0 639,234,848,346,0 640,347,854,459,0 871,118,1017,233,0 882,236,1033,341,0 890,343,1041,450,0 920,447,1079,573,0
C:\Users\hj123\Desktop\keras-yolo3-master/VOCdevkit/VOC2007/JPEGImages/DSC03352.jpg 59,279,201,326,0 58,328,203,368,0 18,367,171,414,0 18,414,174,461,0 239,285,297,327,0 240,327,300,368,0 236,368,295,408,0 212,410,284,457,0 329,236,431,291,0 299,285,418,353,0 297,351,408,419,0 293,417,408,484,0 481,248,575,304,0 478,304,577,356,0 477,354,579,407,0 479,408,582,462,0 588,244,684,300,0 589,301,686,353,0 590,354,690,405,0 704,246,769,300,0 706,299,777,352,0 713,351,781,402,0 789,245,865,298,0 791,297,869,347,0 791,347,875,400,0 797,400,877,449,0
C:\Users\hj123\Desktop\keras-yolo3-master/VOCdevkit/VOC2007/JPEGImages/DSC03353.jpg 100,242,278,302,0 98,302,281,351,0 55,351,254,410,0 58,411,258,471,0 316,256,398,307,0 315,307,395,354,0 311,355,391,404,0 296,404,383,461,0 420,273,488,318,0 419,319,489,359,0 419,361,489,402,0 418,402,492,443,0 516,185,657,244,0 513,245,664,331,0 512,332,673,418,0 511,419,672,508,0 663,214,785,278,0 666,280,786,341,0 675,344,785,405,0 676,406,787,468,0 797,211,913,276,0 803,275,918,339,0 807,340,918,403,0 916,218,993,279,0 924,278,1000,339,0 929,338,1004,399,0 979,401,1059,468,0
C:\Users\hj123\Desktop\keras-yolo3-master/VOCdevkit/VOC2007/JPEGImages/DSC03354.jpg 154,185,296,272,0 154,271,291,356,0 151,355,287,440,0 125,443,275,535,0 335,218,454,291,0 333,291,451,363,0 334,364,451,434,0 335,436,454,508,0 500,65,744,163,0 494,165,769,315,0 490,315,771,465,0 490,465,772,618,0 755,119,949,225,0 765,226,956,333,0 773,332,960,441,0 772,443,965,551,0
C:\Users\hj123\Desktop\keras-yolo3-master/VOCdevkit/VOC2007/JPEGImages/DSC03356.jpg 128,127,279,241,0 127,243,286,358,0 128,358,286,472,0 97,475,267,604,0 346,126,511,240,0 346,240,514,351,0 349,351,519,466,0 347,467,523,581,0 547,201,679,285,0 544,286,674,374,0 546,373,676,460,0 547,460,677,545,0 769,92,967,213,0 823,199,1035,341,0 818,343,1022,485,0 813,485,1025,622,0
C:\Users\hj123\Desktop\keras-yolo3-master/VOCdevkit/VOC2007/JPEGImages/DSC03357.jpg 100,139,281,250,0 97,251,272,360,0 92,361,274,472,0 90,471,263,583,0 300,124,486,240,0 297,240,494,356,0 299,356,495,470,0 563,122,708,235,0 569,236,713,350,0 571,351,715,466,0 539,468,693,596,0 775,108,945,228,0 779,228,950,343,0 783,343,959,460,0 783,460,959,579,0
C:\Users\hj123\Desktop\keras-yolo3-master/VOCdevkit/VOC2007/JPEGImages/DSC03358.jpg 26,199,221,298,0 27,296,218,386,0 33,388,229,473,0 43,477,230,560,0 447,166,543,272,0 452,273,553,372,0 451,372,553,470,0 456,473,558,574,0 572,178,663,279,0 579,278,668,374,0 583,374,673,468,0 722,373,863,460,0
C:\Users\hj123\Desktop\keras-yolo3-master/VOCdevkit/VOC2007/JPEGImages/DSC03361.jpg 82,76,291,211,0 83,213,290,347,0 83,348,297,485,0 82,486,297,622,0 338,165,490,271,0 336,272,487,375,0 335,375,488,476,0 333,476,485,579,0 589,43,816,173,0 647,171,886,338,0 641,338,878,504,0 639,504,879,663,0
C:\Users\hj123\Desktop\keras-yolo3-master/VOCdevkit/VOC2007/JPEGImages/DSC03362.jpg 125,118,283,256,0 137,254,293,385,0 141,385,290,515,0 139,519,296,648,0 325,135,460,261,0 333,261,471,386,0 339,388,475,509,0 341,513,475,644,0 464,165,669,279,0 472,280,670,382,0 541,381,751,497,0 689,249,812,320,0 745,320,870,396,0 754,400,876,473,0
C:\Users\hj123\Desktop\keras-yolo3-master/VOCdevkit/VOC2007/JPEGImages/DSC03363.jpg 158,140,337,243,0 141,243,336,378,0 130,379,337,514,0 128,515,329,647,0 451,242,629,322,0 451,324,634,402,0 454,404,636,479,0 454,481,638,561,0 674,218,869,304,0 675,304,868,392,0 674,393,881,479,0 678,480,884,563,0
C:\Users\hj123\Desktop\keras-yolo3-master/VOCdevkit/VOC2007/JPEGImages/DSC03365.jpg 93,243,206,308,0 93,308,202,373,0 94,374,204,436,0 93,436,206,497,0 208,147,324,250,0 208,250,331,353,0 208,353,328,453,0 358,134,472,244,0 357,245,475,348,0 356,349,481,455,0 547,137,761,247,0 539,248,761,339,0 518,341,759,454,0 861,167,940,245,0 865,246,950,343,0 865,345,953,438,0 951,217,1014,287,0 955,288,1016,357,0 956,357,1018,424,0 957,424,1021,492,0
C:\Users\hj123\Desktop\keras-yolo3-master/VOCdevkit/VOC2007/JPEGImages/DSC03366.jpg 30,172,124,259,0 31,258,129,358,0 31,358,127,458,0 138,232,199,306,0 138,305,197,374,0 136,373,200,442,0 133,443,199,508,0 247,226,390,292,0 270,293,418,367,0 275,368,422,442,0 300,443,458,527,0 654,243,747,306,0 657,305,754,361,0 706,362,800,425,0 708,424,803,490,0 774,323,872,370,0 797,371,875,416,0
C:\Users\hj123\Desktop\keras-yolo3-master/VOCdevkit/VOC2007/JPEGImages/DSC03367.jpg 29,220,203,297,0 29,296,202,370,0 26,372,202,443,0 21,443,203,524,0 239,211,412,291,0 240,290,407,369,0 231,370,414,447,0 226,447,417,525,0 491,147,618,255,0 497,253,622,358,0 495,356,616,460,0 494,460,618,567,0 652,157,766,262,0 652,258,768,361,0 654,361,771,462,0 773,185,950,278,0 776,278,955,361,0 822,360,1022,461,0
C:\Users\hj123\Desktop\keras-yolo3-master/VOCdevkit/VOC2007/JPEGImages/DSC03368.jpg 93,243,175,308,0 90,308,172,374,0 89,374,170,440,0 33,442,121,519,0 222,245,317,308,0 222,308,317,372,0 221,372,316,436,0 219,435,317,500,0 419,218,533,281,0 417,280,547,365,0 412,365,545,451,0 411,451,539,547,0 555,290,657,338,0 554,339,659,383,0 557,385,658,429,0 557,429,661,478,0 693,278,804,329,0 693,329,803,381,0 693,382,808,431,0 700,430,813,480,0 926,230,1014,300,0 933,299,1025,368,0 935,368,1025,438,0 940,438,1030,510,0
C:\Users\hj123\Desktop\keras-yolo3-master/VOCdevkit/VOC2007/JPEGImages/DSC03369.jpg 16,169,169,276,0 14,276,169,380,0 10,381,167,487,0 9,486,169,596,0 340,124,528,229,0 336,228,553,371,0 328,370,545,514,0 324,513,539,661,0 566,247,734,325,0 565,326,735,401,0 568,403,737,477,0 569,476,746,553,0 791,227,979,312,0 792,312,975,396,0 796,397,986,479,0 799,479,995,562,0
C:\Users\hj123\Desktop\keras-yolo3-master/VOCdevkit/VOC2007/JPEGImages/DSC03371.jpg 900,192,1036,281,0 908,280,1040,366,0 911,367,1048,453,0 915,453,1054,540,0 744,199,861,288,0 753,289,875,372,0 759,372,883,459,0 758,460,895,552,0 552,201,704,290,0 554,291,713,376,0 554,377,709,465,0 390,214,533,300,0 387,300,539,383,0 388,383,538,466,0 385,465,527,551,0 129,193,275,285,0 41,276,204,380,0 34,379,204,484,0 38,483,206,591,0
C:\Users\hj123\Desktop\keras-yolo3-master/VOCdevkit/VOC2007/JPEGImages/DSC03372.jpg 48,247,146,318,0 48,317,153,382,0 49,382,154,446,0 46,447,161,515,0 178,258,271,323,0 177,320,273,380,0 179,379,275,439,0 181,440,275,501,0 425,260,505,320,0 465,309,547,376,0 462,376,546,439,0 460,439,544,501,0 700,293,740,339,0 701,338,745,380,0 704,380,744,422,0 708,422,748,465,0 747,297,784,340,0 751,340,788,380,0 754,381,790,422,0 757,421,794,463,0 809,379,865,417,0
C:\Users\hj123\Desktop\keras-yolo3-master/VOCdevkit/VOC2007/JPEGImages/DSC03373.jpg 36,187,192,294,0 36,292,190,393,0 42,395,196,496,0 41,497,199,602,0 454,180,597,272,0 530,272,672,386,0 524,385,668,495,0 520,496,672,612,0 956,232,1029,314,0 961,313,1036,391,0 966,390,1039,470,0 968,469,1046,548,0
C:\Users\hj123\Desktop\keras-yolo3-master/VOCdevkit/VOC2007/JPEGImages/DSC03375.jpg 58,232,199,308,0 54,309,197,385,0 49,386,197,463,0 50,462,193,544,0 220,231,358,306,0 218,305,361,383,0 216,383,365,458,0 396,238,486,309,0 397,310,494,379,0 404,380,499,450,0 397,451,508,529,0 520,240,623,308,0 521,309,624,376,0 522,376,629,445,0 525,447,633,514,0 804,217,921,283,0 865,280,986,366,0 865,366,987,450,0 862,451,988,537,0
C:\Users\hj123\Desktop\keras-yolo3-master/VOCdevkit/VOC2007/JPEGImages/DSC03377.jpg 52,140,272,269,0 45,270,265,392,0 44,392,267,517,0 43,518,263,644,0 293,134,525,259,0 300,261,525,390,0 299,389,522,515,0 585,135,745,261,0 589,261,758,382,0 591,384,761,506,0 588,505,776,643,0 801,133,987,256,0 804,256,990,377,0 811,378,1000,499,0 812,499,1003,625,0
C:\Users\hj123\Desktop\keras-yolo3-master/VOCdevkit/VOC2007/JPEGImages/DSC03378.jpg 93,174,283,283,0 88,284,274,391,0 86,392,274,499,0 88,501,275,607,0 305,167,500,278,0 308,279,500,388,0 308,388,499,496,0 555,168,691,278,0 558,281,697,383,0 566,383,704,489,0 557,491,718,604,0 740,169,898,275,0 741,273,903,379,0 746,379,911,484,0 748,483,913,591,0
C:\Users\hj123\Desktop\keras-yolo3-master/VOCdevkit/VOC2007/JPEGImages/DSC03379.jpg 257,293,379,340,0 256,341,379,381,0 222,380,343,428,0 218,428,343,475,0 459,233,557,297,0 401,294,515,366,0 400,366,513,437,0 402,435,518,508,0 639,235,742,304,0 636,304,742,365,0 635,366,746,428,0 634,427,746,492,0 760,226,878,293,0 758,293,885,361,0 764,361,886,427,0 919,216,1014,290,0 918,290,1024,356,0 924,356,1033,425,0 922,425,1041,501,0
C:\Users\hj123\Desktop\keras-yolo3-master/VOCdevkit/VOC2007/JPEGImages/DSC03380.jpg 184,272,330,335,0 185,334,335,387,0 132,386,294,447,0 136,447,295,509,0 440,195,566,274,0 369,275,504,367,0 369,368,509,459,0 374,458,509,553,0 672,202,803,286,0 669,286,803,367,0 666,367,804,448,0 668,447,808,528,0 825,185,983,274,0 833,272,985,361,0 830,361,990,446,0
C:\Users\hj123\Desktop\keras-yolo3-master/VOCdevkit/VOC2007/JPEGImages/DSC03381.jpg 25,208,161,299,0 84,290,216,392,0 74,390,211,485,0 69,486,208,583,0 197,290,314,352,0 209,351,318,411,0 206,412,322,468,0 206,467,322,525,0 484,274,543,342,0 483,340,547,404,0 486,404,547,466,0 487,468,547,531,0 556,283,610,347,0 560,348,613,406,0 561,405,615,465,0 562,466,615,525,0 643,407,725,460,0
C:\Users\hj123\Desktop\keras-yolo3-master/VOCdevkit/VOC2007/JPEGImages/DSC03382.jpg 86,213,243,302,0 85,301,241,389,0 84,388,241,476,0 289,223,393,308,0 290,307,401,386,0 294,386,408,468,0 287,468,414,557,0 433,226,550,308,0 436,307,552,384,0 438,385,554,463,0 436,462,557,544,0 749,211,875,288,0 803,287,933,381,0 796,379,932,472,0 796,472,932,565,0
C:\Users\hj123\Desktop\keras-yolo3-master/VOCdevkit/VOC2007/JPEGImages/DSC03383.jpg 100,245,280,348,0 97,349,275,451,0 93,451,264,553,0 86,554,263,659,0 305,236,484,340,0 304,342,485,446,0 298,446,485,551,0 538,243,672,343,0 543,344,671,444,0 547,444,675,546,0 536,545,686,657,0 716,243,868,342,0 722,343,876,442,0 723,441,880,543,0 728,541,885,647,0
C:\Users\hj123\Desktop\keras-yolo3-master/VOCdevkit/VOC2007/JPEGImages/DSC03385.jpg 53,265,171,348,0 50,344,168,422,0 50,418,169,497,0 47,497,165,578,0 362,266,471,346,0 409,330,520,417,0 400,414,520,499,0 395,499,515,585,0 763,317,822,379,0 767,378,828,438,0 772,438,828,497,0 773,498,833,558,0 930,441,1017,493,0 836,326,889,382,0 845,383,895,440,0 847,440,901,497,0 850,498,904,556,0
C:\Users\hj123\Desktop\keras-yolo3-master/VOCdevkit/VOC2007/JPEGImages/DSC03386.jpg 83,331,215,381,0 83,382,214,426,0 27,426,174,479,0 26,479,174,531,0 304,261,408,329,0 238,318,351,397,0 236,396,354,474,0 236,476,354,556,0 497,275,604,340,0 495,342,607,405,0 493,406,604,471,0 493,472,606,537,0 624,262,739,332,0 624,333,743,399,0 625,400,745,470,0 780,260,872,330,0 780,328,883,396,0 786,397,883,465,0 781,465,891,540,0 908,247,1015,321,0 909,319,1025,390,0 912,389,1034,463,0 921,464,1040,535,0
C:\Users\hj123\Desktop\keras-yolo3-master/VOCdevkit/VOC2007/JPEGImages/DSC03387.jpg 63,304,185,361,0 61,362,181,416,0 60,417,180,472,0 56,474,183,534,0 202,290,302,350,0 196,349,302,411,0 190,412,297,472,0 190,473,294,534,0 298,217,399,301,0 300,302,400,386,0 300,385,400,469,0 295,470,400,559,0 431,220,529,303,0 429,303,533,385,0 428,384,536,469,0 563,239,725,314,0 562,316,729,381,0 583,381,760,464,0 743,279,799,337,0 759,327,825,399,0 767,398,826,468,0 855,308,954,353,0 885,353,993,409,0 889,410,1004,464,0 933,464,1054,530,0
C:\Users\hj123\Desktop\keras-yolo3-master/VOCdevkit/VOC2007/JPEGImages/DSC03388.jpg 39,293,141,349,0 30,347,139,406,0 24,408,133,464,0 25,465,133,521,0 140,228,242,307,0 141,306,241,385,0 137,385,238,460,0 132,461,233,542,0 272,239,360,314,0 268,311,361,386,0 265,384,359,461,0 391,262,524,329,0 392,329,527,385,0 398,385,558,455,0 543,302,586,354,0 558,343,606,401,0 558,401,605,457,0 632,330,705,367,0 657,368,733,411,0 656,412,738,455,0 684,454,774,507,0 860,337,921,377,0 866,376,927,413,0 907,410,968,454,0 909,454,969,496,0
C:\Users\hj123\Desktop\keras-yolo3-master/VOCdevkit/VOC2007/JPEGImages/DSC03389.jpg 164,446,264,493,0 158,495,260,543,0 153,544,261,593,0 145,593,254,649,0 279,435,362,485,0 272,485,361,539,0 265,539,357,594,0 261,594,353,653,0 363,373,449,445,0 359,443,448,517,0 358,516,445,593,0 350,593,438,675,0 473,375,560,446,0 471,446,561,518,0 468,517,562,595,0 588,392,727,458,0 586,458,727,516,0 597,516,764,592,0 742,426,792,476,0 761,473,816,532,0 765,532,821,596,0 840,453,931,495,0 870,495,972,544,0 877,545,983,595,0 918,595,1033,658,0
C:\Users\hj123\Desktop\keras-yolo3-master/VOCdevkit/VOC2007/JPEGImages/DSC03390.jpg 162,385,300,439,0 134,435,287,512,0 121,510,285,587,0 78,586,275,689,0 447,416,543,473,0 450,473,546,523,0 454,523,563,589,0 454,590,567,666,0 586,409,682,469,0 590,468,686,522,0 618,519,726,588,0 622,590,729,661,0 742,499,840,543,0 743,543,845,587,0 780,587,885,636,0 958,551,1024,587,0 918,509,983,549,0 840,547,925,590,0
C:\Users\hj123\Desktop\keras-yolo3-master/VOCdevkit/VOC2007/JPEGImages/DSC03391.jpg 236,307,357,387,0 229,383,350,458,0 140,451,278,547,0 131,545,278,646,0 475,352,617,420,0 474,417,618,483,0 475,481,622,547,0 474,548,627,623,0 645,404,815,477,0 642,476,820,545,0 625,543,825,632,0 829,418,1034,479,0 829,477,1060,546,0 838,547,1072,630,0
C:\Users\hj123\Desktop\keras-yolo3-master/VOCdevkit/VOC2007/JPEGImages/DSC03392.jpg 143,295,356,384,0 133,383,351,471,0 52,467,311,579,0 415,333,617,396,0 390,396,615,473,0 386,473,623,570,0 633,318,780,395,0 643,395,810,475,0 641,474,822,563,0 856,310,940,387,0 907,378,1011,472,0 914,472,1025,572,0
C:\Users\hj123\Desktop\keras-yolo3-master/VOCdevkit/VOC2007/JPEGImages/DSC03393.jpg 120,322,352,391,0 87,387,348,474,0 76,475,349,570,0 372,315,509,396,0 377,400,536,473,0 375,472,540,561,0 583,325,647,393,0 621,388,697,471,0 619,472,703,558,0 728,308,806,390,0 735,388,813,470,0 740,471,814,554,0
C:\Users\hj123\Desktop\keras-yolo3-master/VOCdevkit/VOC2007/JPEGImages/DSC03395.jpg 111,229,276,314,0 48,297,237,411,0 45,409,233,523,0 32,522,229,640,0 357,271,501,354,0 351,353,497,438,0 347,437,497,523,0 344,523,500,611,0 527,270,671,354,0 529,354,672,438,0 530,438,681,522,0 705,283,804,361,0 704,359,808,439,0 714,439,814,519,0 750,520,857,611,0 831,284,945,364,0 835,361,951,440,0 840,440,956,519,0 840,519,962,601,0
C:\Users\hj123\Desktop\keras-yolo3-master/VOCdevkit/VOC2007/JPEGImages/DSC03396.jpg 75,329,228,382,0 73,381,229,428,0 18,426,191,482,0 15,483,196,540,0 279,336,348,384,0 273,383,348,433,0 266,433,343,482,0 240,483,319,536,0 395,265,515,326,0 356,319,487,399,0 350,400,490,481,0 351,479,486,564,0 568,288,679,352,0 568,352,684,415,0 568,415,681,479,0 570,479,684,547,0 701,282,818,349,0 700,348,821,414,0 702,414,825,478,0 842,286,924,350,0 846,350,934,414,0 854,412,939,477,0 879,476,974,548,0 950,286,1049,349,0 956,349,1059,411,0 959,411,1065,477,0 965,477,1070,543,0
C:\Users\hj123\Desktop\keras-yolo3-master/VOCdevkit/VOC2007/JPEGImages/DSC03397.jpg 215,279,348,354,0 158,332,326,415,0 150,414,303,499,0 150,497,300,584,0 350,227,633,322,0 348,318,631,398,0 298,390,632,503,0 295,500,635,613,0 662,258,792,339,0 662,338,797,422,0 660,419,794,507,0 672,501,827,601,0 792,305,879,375,0 797,374,884,443,0 797,442,885,510,0
C:\Users\hj123\Desktop\keras-yolo3-master/VOCdevkit/VOC2007/JPEGImages/DSC03399.jpg 62,285,166,350,0 52,350,162,414,0 46,414,158,480,0 40,479,148,549,0 186,281,293,348,0 179,348,293,414,0 174,413,290,481,0 341,289,423,353,0 340,352,424,415,0 339,414,421,480,0 310,479,393,554,0 461,291,550,354,0 460,354,551,416,0 459,415,550,480,0 458,479,555,547,0 579,343,650,391,0 578,390,650,438,0 576,437,650,486,0 576,485,649,534,0 690,261,808,333,0 718,316,846,403,0 717,401,843,488,0 715,486,847,572,0 904,333,1024,385,0 907,386,1029,439,0 913,438,1042,492,0 925,492,1047,546,0
C:\Users\hj123\Desktop\keras-yolo3-master/VOCdevkit/VOC2007/JPEGImages/DSC03400.jpg 140,117,325,251,0 147,251,332,388,0 146,390,329,526,0 97,526,290,683,0 402,122,599,255,0 404,253,605,390,0 404,387,600,526,0 401,525,602,665,0 635,232,785,332,0 636,332,782,433,0 631,432,783,534,0 631,533,784,637,0
C:\Users\hj123\Desktop\keras-yolo3-master/VOCdevkit/VOC2007/JPEGImages/DSC03401.jpg 147,198,307,296,0 145,294,316,411,0 138,411,306,527,0 123,527,302,643,0 358,301,530,378,0 361,379,529,454,0 365,454,529,531,0 365,530,540,605,0 582,290,758,370,0 582,368,754,451,0 583,451,761,532,0 583,533,769,614,0 880,233,997,334,0 888,333,1003,432,0 886,431,1003,530,0 886,530,1006,632,0
C:\Users\hj123\Desktop\keras-yolo3-master/VOCdevkit/VOC2007/JPEGImages/DSC03402.jpg 33,253,146,329,0 29,328,140,405,0 28,405,139,480,0 24,481,139,558,0 275,238,399,311,0 276,310,404,398,0 268,397,402,488,0 262,485,398,576,0 438,313,568,372,0 438,372,566,430,0 441,431,568,489,0 442,489,573,552,0 606,305,742,366,0 605,366,739,430,0 604,429,748,490,0 608,491,748,552,0 836,260,929,337,0 840,338,934,414,0 843,414,933,489,0 842,489,936,567,0 954,264,1041,340,0 959,340,1047,416,0 961,414,1052,491,0
C:\Users\hj123\Desktop\keras-yolo3-master/VOCdevkit/VOC2007/JPEGImages/DSC03403.jpg 142,136,341,237,0 76,222,308,354,0 71,354,300,486,0 69,485,296,622,0 428,186,602,284,0 428,286,604,383,0 427,385,608,485,0 427,485,608,589,0 634,179,813,280,0 637,279,815,381,0 637,380,818,483,0 843,190,968,286,0 849,286,978,381,0 862,380,986,479,0 899,477,1034,586,0
C:\Users\hj123\Desktop\keras-yolo3-master/VOCdevkit/VOC2007/JPEGImages/DSC03404.jpg 894,237,1000,306,0 897,306,1006,375,0 900,374,1009,444,0 904,444,1013,515,0 775,236,871,306,0 786,305,879,376,0 793,374,882,447,0 822,446,918,526,0 625,229,756,302,0 628,301,757,375,0 630,375,761,449,0 475,233,604,304,0 476,304,602,376,0 475,376,604,449,0 475,450,605,524,0 268,197,412,270,0 220,258,388,354,0 218,356,385,450,0 218,449,379,548,0 122,281,216,339,0 121,338,211,396,0 115,395,204,454,0 79,453,177,518,0
C:\Users\hj123\Desktop\keras-yolo3-master/VOCdevkit/VOC2007/JPEGImages/DSC03405.jpg 143,175,327,284,0 131,283,325,390,0 127,389,318,502,0 122,501,314,615,0 354,168,550,276,0 351,276,550,385,0 353,387,547,499,0 601,178,733,283,0 611,283,747,389,0 612,389,755,494,0 614,494,776,613,0 785,183,940,282,0 790,283,946,386,0 793,386,957,491,0 800,493,962,601,0
C:\Users\hj123\Desktop\keras-yolo3-master/VOCdevkit/VOC2007/JPEGImages/DSC03406.jpg 141,220,256,290,0 57,272,186,358,0 50,358,183,443,0 46,443,185,531,0 352,250,455,315,0 349,313,457,378,0 344,376,450,441,0 345,440,449,507,0 475,243,590,309,0 477,309,589,375,0 475,375,593,441,0 622,248,698,314,0 625,312,705,374,0 626,374,714,437,0 625,438,726,510,0 730,248,823,311,0 733,311,827,373,0 736,372,833,436,0 740,436,837,501,0
C:\Users\hj123\Desktop\keras-yolo3-master/VOCdevkit/VOC2007/JPEGImages/DSC03407.jpg 104,242,186,307,0 101,307,184,372,0 93,372,179,437,0 40,434,132,513,0 236,247,328,310,0 231,310,325,372,0 227,372,325,438,0 222,437,319,503,0 438,220,548,276,0 436,273,564,359,0 430,358,558,444,0 427,443,558,522,0 564,309,656,356,0 564,356,655,399,0 563,400,660,444,0 561,444,661,488,0 694,299,802,347,0 692,347,800,397,0 692,397,804,446,0 691,446,806,495,0 927,244,1010,311,0 933,311,1018,378,0 939,378,1022,446,0 940,445,1029,516,0
C:\Users\hj123\Desktop\keras-yolo3-master/VOCdevkit/VOC2007/JPEGImages/DSC03408.jpg 52,179,203,281,0 47,279,198,380,0 40,379,196,483,0 32,482,191,585,0 374,135,549,227,0 371,222,577,357,0 366,354,565,492,0 355,491,567,622,0 578,280,722,350,0 575,351,724,421,0 573,421,726,492,0 571,492,726,563,0 779,263,950,337,0 777,338,952,417,0 779,417,960,496,0 790,496,968,575,0
C:\Users\hj123\Desktop\keras-yolo3-master/VOCdevkit/VOC2007/JPEGImages/DSC03409.jpg 47,128,192,247,0 49,243,190,359,0 40,358,180,470,0 30,469,176,587,0 226,140,363,253,0 225,251,362,362,0 222,362,362,474,0 415,176,615,276,0 409,276,614,364,0 413,363,650,469,0 650,233,718,311,0 672,300,743,387,0 672,387,742,473,0 787,275,912,333,0 822,334,954,405,0 825,407,961,474,0 870,474,1015,554,0
C:\Users\hj123\Desktop\keras-yolo3-master/VOCdevkit/VOC2007/JPEGImages/DSC03411.jpg 15,266,146,327,0 14,328,145,386,0 10,387,141,446,0 7,447,145,508,0 158,254,258,318,0 154,317,258,383,0 150,383,255,447,0 148,448,251,512,0 254,179,365,269,0 256,268,364,359,0 255,358,360,447,0 250,446,356,540,0 400,183,500,271,0 395,272,506,360,0 393,358,502,449,0 543,204,708,287,0 536,289,705,358,0 542,358,740,445,0 735,249,794,317,0 755,304,817,378,0 753,377,813,449,0 858,283,963,330,0 887,332,999,392,0 891,391,1010,450,0 928,448,1055,518,0
C:\Users\hj123\Desktop\keras-yolo3-master/VOCdevkit/VOC2007/JPEGImages/DSC03412.jpg 169,229,396,310,0 165,308,399,372,0 109,376,365,457,0 109,457,365,539,0 450,240,558,310,0 448,310,558,381,0 446,380,554,451,0 422,450,550,531,0 590,268,692,330,0 591,330,693,391,0 591,392,692,451,0 590,452,696,514,0 758,136,1061,293,0 755,292,1050,441,0 766,440,1051,598,0
C:\Users\hj123\Desktop\keras-yolo3-master/VOCdevkit/VOC2007/JPEGImages/DSC03413.jpg 879,211,1039,311,0 877,312,1042,408,0 879,407,1042,502,0 883,502,1049,599,0 658,175,828,285,0 655,283,827,391,0 653,391,824,500,0 619,501,814,623,0 254,168,576,290,0 254,287,576,386,0 172,385,536,506,0 178,507,540,630,0
C:\Users\hj123\Desktop\keras-yolo3-master/VOCdevkit/VOC2007/JPEGImages/DSC03414.jpg 123,179,271,287,0 124,289,267,394,0 125,395,269,504,0 91,504,246,626,0 329,186,482,290,0 328,290,483,393,0 332,393,487,500,0 330,500,487,610,0 507,268,627,348,0 507,347,625,428,0 506,426,625,507,0 504,507,625,587,0 728,147,911,262,0 783,239,978,371,0 781,371,975,503,0 779,505,976,636,0
C:\Users\hj123\Desktop\keras-yolo3-master/VOCdevkit/VOC2007/JPEGImages/DSC03417.jpg 47,224,183,324,0 47,323,180,422,0 43,422,180,521,0 42,521,179,625,0 288,161,458,256,0 252,252,442,389,0 245,386,440,523,0 244,523,442,660,0 608,278,781,362,0 608,361,785,438,0 611,440,789,515,0 611,515,801,590,0 823,243,1025,336,0 822,334,1027,424,0 824,422,1043,510,0 840,510,1055,598,0
C:\Users\hj123\Desktop\keras-yolo3-master/VOCdevkit/VOC2007/JPEGImages/DSC03418.jpg 154,126,304,246,0 158,246,304,364,0 155,363,300,483,0 152,482,299,608,0 343,127,483,246,0 343,246,488,365,0 342,365,489,484,0 538,149,775,262,0 533,264,778,358,0 543,358,815,475,0 816,206,893,293,0 838,282,921,381,0 837,380,922,478,0
C:\Users\hj123\Desktop\keras-yolo3-master/VOCdevkit/VOC2007/JPEGImages/DSC03419.jpg 121,293,224,343,0 121,343,221,391,0 118,392,222,440,0 115,440,225,492,0 305,218,395,292,0 306,292,400,364,0 305,364,396,438,0 303,438,394,515,0 422,219,508,291,0 421,292,511,365,0 421,365,511,439,0 545,232,687,301,0 541,303,686,360,0 547,361,711,434,0 715,267,762,322,0 729,314,779,375,0 729,375,781,435,0 822,290,909,334,0 845,334,942,384,0 845,385,949,433,0 879,434,989,490,0
C:\Users\hj123\Desktop\keras-yolo3-master/VOCdevkit/VOC2007/JPEGImages/DSC03421.jpg 109,193,261,287,0 24,269,194,379,0 18,376,193,483,0 18,477,189,587,0 366,223,506,308,0 361,308,505,391,0 358,391,499,475,0 359,473,503,563,0 535,218,682,306,0 534,306,683,392,0 530,393,679,480,0 724,224,833,311,0 730,311,844,394,0 729,393,847,479,0 729,479,854,579,0 878,226,1004,311,0 878,311,1007,395,0 881,393,1011,481,0 881,478,1009,568,0
